TF	T007916_1.02
TF Name	cfi-1
Gene	T23D8.8
Motif	M0114_1.02
Family	ARID/BRIGHT
Species	Caenorhabditis_elegans
Pos	A	C	G	T
1	0.198826765680026	0.235670329926106	0.14877482502513	0.416728079368738
2	0.162360270464887	0.175882781296445	0.159145321707946	0.502611626530722
3	0.174479380234755	0.162683495833828	0.100665845351096	0.56217127858032
4	0.409838444663544	0.0887446411299044	0.309749233114855	0.191667681091697
5	0.912942492820545	0.000248247981487812	0.0350463998008252	0.0517628593971422
6	0.0572759198846612	0.00059326167141244	0.000248547896384002	0.941882270547542
7	0.240119519033002	0.254967680845552	0.196593234653252	0.308319565468194
8	0.268348305286779	0.215354559402015	0.271045250591207	0.245251884719999


TF	T008768_1.02
TF Name	hmg-12
Gene	Y17G7A.1
Motif	M0141_1.02
Family	AT hook
Species	Caenorhabditis_elegans
Pos	A	C	G	T
1	0.321077935948208	0.226307356477364	0.226307356477364	0.226307356477364
2	0.226307356477364	0.226307356477364	0.226307356477364	0.321077935948208
3	0.761759167719524	0.0464647697490753	0.145311298162625	0.0464647697490753
4	0.632674253559729	0.116336327128363	0.0231742506226462	0.227815174069563
5	0.669169702643241	0.000175574300023892	0.000175574300023892	0.330479154137012
6	0.19576152976457	0.000175574300023892	0.000175574300023892	0.803887327015682
7	0.804396842685188	0.000175574300023892	0.000175574300023892	0.195252014095063
8	0.517902294444065	0.000175574300023892	0.000175574300023892	0.481746562336187
9	0.321161703450862	0.0238682191677348	0.0238682191677348	0.631101863593968
10	0.0238682191677348	0.122714747581285	0.0238682191677348	0.829548819463545
11	0.295705511186513	0.203710805896024	0.29687288240174	0.203710805896024
12	0.318996030312942	0.227001325022452	0.227001325022452	0.227001325022452


TF	T008767_1.02
TF Name	Y116A8C.22
Gene	Y116A8C.22
Motif	M0140_1.02
Family	AT hook
Species	Caenorhabditis_elegans
Pos	A	C	G	T
1	0.272989008179359	0.275732593323237	0.24701066931738	0.204267729180025
2	0.311542153782777	0.190858946324182	0.252531161820896	0.245067738072145
3	0.409497696092611	0.106158289493142	0.18399917561854	0.300344838795708
4	0.464797930048791	0.0957367993127707	0.154717790704706	0.284747479933733
5	0.582238071190848	0.12862219950668	0.0141099387046402	0.275029790597832
6	0.576039748917755	0.000723378028827298	0.229562808400934	0.193674064652484
7	0.235344579039277	0.212948581250255	0.0484751227925361	0.503231716917932


TF	T011238_1.02
TF Name	bed-3
Gene	F25H8.6
Motif	M0148_1.02
Family	BED ZF
Species	Caenorhabditis_elegans
Pos	A	C	G	T
1	0.471162683823529	0.0345818014705882	0.402228860294118	0.0920266544117647
2	0.214887640449438	0.363598810310641	0.280981493721084	0.140532055518837
3	6.5772165219679e-05	0.00664298868718758	6.5772165219679e-05	0.993225466982373
4	6.5772165219679e-05	0.999802683504341	6.5772165219679e-05	6.5772165219679e-05
5	6.5772165219679e-05	0.37496711391739	0.0329518547750592	0.592015259142331
6	6.5772165219679e-05	0.973493817416469	0.0263746382530913	6.5772165219679e-05
7	6.5772165219679e-05	6.5772165219679e-05	0.999802683504341	6.5772165219679e-05
8	0.784846786248132	0.0374626307922272	0.102858744394619	0.0748318385650224


TF	T012499_1.02
TF Name	hlh-1
Gene	B0304.1
Motif	M0168_1.02
Family	bHLH
Species	Caenorhabditis_elegans
Pos	A	C	G	T
1	0.0	0.0	1.0	0.0
2	1.0	0.0	0.0	0.0
3	0.0	1.0	0.0	0.0
4	1.0	0.0	0.0	0.0
5	0.0	0.0	1.0	0.0
6	0.0	1.0	0.0	0.0
7	0.0	0.0	0.0	1.0
8	0.0	0.0	1.0	0.0


TF	T012499_1.02
TF Name	hlh-1
Gene	B0304.1
Motif	M2338_1.02
Family	bHLH
Species	Caenorhabditis_elegans
Pos	A	C	G	T
1	0.25721784776903	0.0577427821522309	0.685039370078739	0.0
2	0.346456692913387	0.202099737532808	0.196850393700788	0.254593175853017
3	0.0	1.0	0.0	0.0
4	0.992125984251968	0.0	0.00787401574803149	0.0
5	0.215223097112861	0.0314960629921261	0.692913385826772	0.0603674540682412
6	0.00787401574803152	0.779527559055122	0.0341207349081361	0.17847769028871
7	0.0	0.0	0.0	1.0
8	0.0	0.0	1.0	0.0
9	0.013123359580052	0.18897637795276	0.039370078740157	0.758530183727031
10	0.0	0.13910761154856	0.0577427821522309	0.803149606299209
11	0.0603674540682409	0.38845144356955	0.36482939632546	0.18635170603675


TF	T018425_1.02
TF Name	hlh-10
Gene	ZK682.4
Motif	M0249_1.02
Family	bHLH
Species	Caenorhabditis_elegans
Pos	A	C	G	T
1	0.0	1.0	0.0	0.0
2	1.0	0.0	0.0	0.0
3	0.0	0.0	0.0	1.0
4	1.0	0.0	0.0	0.0
5	0.0	0.0	0.0	1.0
6	1.0	0.0	0.0	0.0
7	0.0	0.0	0.0	1.0
8	0.0	0.0	1.0	0.0


TF	T016867_1.02
TF Name	hlh-11
Gene	F58A4.7
Motif	M0228_1.02
Family	bHLH
Species	Caenorhabditis_elegans
Pos	A	C	G	T
1	1.0	0.0	0.0	0.0
2	0.0	0.0	0.0	1.0
3	0.0	1.0	0.0	0.0
4	1.0	0.0	0.0	0.0
5	0.0	0.0	1.0	0.0
6	0.0	1.0	0.0	0.0
7	0.0	0.0	0.0	1.0
8	0.0	0.0	1.0	0.0
9	1.0	0.0	0.0	0.0


TF	T012794_1.02
TF Name	hlh-12
Gene	C28C12.8
Motif	M0172_1.02
Family	bHLH
Species	Caenorhabditis_elegans
Pos	A	C	G	T
1	0.711647727272727	0.143465909090909	0.143465909090909	0.00142045454545455
2	0.767638036809816	0.230828220858896	0.000766871165644172	0.000766871165644172
3	0.000766871165644172	0.997699386503068	0.000766871165644172	0.000766871165644172
4	0.997699386503068	0.000766871165644172	0.000766871165644172	0.000766871165644172
5	0.000766871165644172	0.000766871165644172	0.38420245398773	0.614263803680982
6	0.230828220858896	0.767638036809816	0.000766871165644172	0.000766871165644172
7	0.000766871165644172	0.000766871165644172	0.000766871165644172	0.997699386503068
8	0.000766871165644172	0.000766871165644172	0.997699386503068	0.000766871165644172


TF	T013113_1.02
TF Name	hlh-16
Gene	DY3.3
Motif	M0173_1.02
Family	bHLH
Species	Caenorhabditis_elegans
Pos	A	C	G	T
1	0.206177159578147	0.206177159578147	0.299803483201335	0.287842202196031
2	0.206177159578147	0.206177159578147	0.287842202196031	0.299803483201335
3	0.427648035019899	0.245227351589843	0.16356230897196	0.16356230897196
4	0.12242323217978	0.79606039325009	0.0407581895618957	0.0407581895618957
5	0.760018825754628	0.202060532124853	0.0189603233370904	0.0189603233370904
6	0.999635461343498	0.000121514403387792	0.000121514403387792	0.000121514403387792
7	0.000121514403387792	0.000121514403387792	0.000121514403387792	0.999635461343498
8	0.999635461343498	0.000121514403387792	0.000121514403387792	0.000121514403387792
9	0.0439443559636558	0.0439443559636558	0.0439443559636558	0.868166936662694
10	0.0439443559636558	0.0439443559636558	0.639677496474195	0.272433796152154
11	0.0865592065698435	0.0865592065698435	0.578807655041609	0.248073936372366
12	0.209363325979907	0.209363325979907	0.209363325979907	0.371910026613939
13	0.306516427939524	0.231161192204712	0.231161192204712	0.231161192204712


TF	T012790_1.02
TF Name	hlh-25
Gene	C17C3.7
Motif	M0170_1.02
Family	bHLH
Species	Caenorhabditis_elegans
Pos	A	C	G	T
1	0.166666666666667	0.277777777777778	0.513888888888889	0.0416666666666667
2	0.637254901960784	0.215686274509804	0.0882352941176471	0.0588235294117647
3	0.0	0.923728813559322	0.00847457627118644	0.0677966101694915
4	0.966101694915254	0.0	0.0338983050847458	0.0
5	0.0	0.694915254237288	0.0	0.305084745762712
6	0.127118644067797	0.0	0.872881355932203	0.0
7	0.0178571428571429	0.785714285714286	0.0178571428571429	0.178571428571429
8	0.043010752688172	0.032258064516129	0.913978494623656	0.010752688172043


TF	T012791_1.02
TF Name	hlh-26
Gene	C17C3.8
Motif	M0171_1.02
Family	bHLH
Species	Caenorhabditis_elegans
Pos	A	C	G	T
1	0.5	0.0	0.5	0.0
2	1.0	0.0	0.0	0.0
3	0.0	1.0	0.0	0.0
4	1.0	0.0	0.0	0.0
5	0.0	1.0	0.0	0.0
6	0.0	0.0	1.0	0.0
7	0.0	0.0	0.0	1.0
8	0.0	0.0	1.0	0.0
9	0.0	0.5	0.0	0.5


TF	T012789_1.02
TF Name	hlh-27
Gene	C17C3.10
Motif	M0169_1.02
Family	bHLH
Species	Caenorhabditis_elegans
Pos	A	C	G	T
1	0.136363636363636	0.136363636363636	0.727272727272727	0.0
2	0.696969696969697	0.272727272727273	0.0303030303030303	0.0
3	0.0	1.0	0.0	0.0
4	0.975609756097561	0.0	0.024390243902439	0.0
5	0.0	0.634146341463415	0.0	0.365853658536585
6	0.0975609756097561	0.0	0.902439024390244	0.0
7	0.0	0.894736842105263	0.0	0.105263157894737
8	0.0	0.0	1.0	0.0


TF	T016860_1.02
TF Name	hlh-29
Gene	F31A3.4
Motif	M0226_1.02
Family	bHLH
Species	Caenorhabditis_elegans
Pos	A	C	G	T
1	0.416666666666667	0.583333333333333	0.0	0.0
2	0.0	1.0	0.0	0.0
3	1.0	0.0	0.0	0.0
4	0.0	0.588235294117647	0.0	0.411764705882353
5	0.0	0.0	1.0	0.0
6	0.0	1.0	0.0	0.0
7	0.0	0.0	1.0	0.0
8	0.0	0.181818181818182	0.0	0.818181818181818


TF	T018410_1.02
TF Name	hlh-30
Gene	W02C12.3
Motif	M0240_1.02
Family	bHLH
Species	Caenorhabditis_elegans
Pos	A	C	G	T
1	0.0	0.0	0.0	1.0
2	0.0	1.0	0.0	0.0
3	1.0	0.0	0.0	0.0
4	0.0	1.0	0.0	0.0
5	0.0	0.0	1.0	0.0
6	0.0	0.0	0.0	1.0
7	0.0	0.0	1.0	0.0
8	0.666666666666667	0.0	0.0	0.333333333333333


TF	T018211_1.02
TF Name	mdl-1
Gene	R03E9.1
Motif	M4709_1.02
Family	bHLH
Species	Caenorhabditis_elegans
Pos	A	C	G	T
1	0.155786	0.115727	0.603858	0.124629
2	0.143916856083144	0.106824893175107	0.103857896142104	0.645400354599645
3	0.0296739703260297	0.897625102374898	0.0474779525220475	0.0252229747770252
4	0.851632	0.019288	0.043027	0.086053
5	0.0578639421360579	0.787833212166788	0.0519289480710519	0.102373897626102
6	0.105341	0.043027	0.762611	0.089021
7	0.0637980637980638	0.0400590400590401	0.0178040178040178	0.878338878338878
8	0.0281899718100282	0.0578639421360579	0.830860169139831	0.0830859169140831


TF	T016864_1.02
TF Name	mxl-3
Gene	F46G10.6
Motif	M0227_1.02
Family	bHLH
Species	Caenorhabditis_elegans
Pos	A	C	G	T
1	0.0833333333333333	0.666666666666667	0.25	0.0
2	0.0	1.0	0.0	0.0
3	1.0	0.0	0.0	0.0
4	0.0	1.0	0.0	0.0
5	0.0	0.0	1.0	0.0
6	0.0	0.0	0.0	1.0
7	0.0	0.0	1.0	0.0
8	0.0909090909090909	0.181818181818182	0.0909090909090909	0.636363636363636


TF	T018398_1.02
TF Name	ref-1
Gene	T01E8.2
Motif	M0239_1.02
Family	bHLH
Species	Caenorhabditis_elegans
Pos	A	C	G	T
1	0.0833333333333333	0.333333333333333	0.583333333333333	0.0
2	0.0	1.0	0.0	0.0
3	1.0	0.0	0.0	0.0
4	0.0	1.0	0.0	0.0
5	0.0	0.0	1.0	0.0
6	0.0	0.0555555555555556	0.0	0.944444444444444
7	0.0	0.0	1.0	0.0
8	0.0	0.0833333333333333	0.25	0.666666666666667


TF	T022239_1.02
TF Name	Y44A6D.3
Gene	Y44A6D.3
Motif	M0254_1.02
Family	Brinker
Species	Caenorhabditis_elegans
Pos	A	C	G	T
1	0.264626241946214	0.230055002744017	0.343201734886272	0.162117020423497
2	0.0350557285202876	0.22973788723242	0.0096498178436635	0.725556566403629
3	0.000775876738759586	0.000129540511983169	0.998484256489771	0.000610326259486483
4	0.000515363821421583	0.999362744499088	6.00317207070201e-05	6.18599587832668e-05
5	0.00065504354059014	0.00012086832233887	0.999191475439515	3.26126975558112e-05
6	0.0153273170474776	0.953020737510024	0.012931118126146	0.0187208273163522
7	0.398849179107502	0.009012237255528	0.577427762587903	0.0147108210490672
8	0.371095985840176	0.0727086784858854	0.439861872309247	0.116333463364691
9	0.247681169247455	0.247681169247455	0.21105997002381	0.29357769148128


TF	T027587_1.02
TF Name	atf-2
Gene	K08F8.2
Motif	M0326_1.02
Family	bZIP
Species	Caenorhabditis_elegans
Pos	A	C	G	T
1	0.369232519229189	0.252503870943305	0.293367643675944	0.0848959661515625
2	0.0654362531626227	0.0429946820441637	0.0193187559480633	0.87225030884515
3	0.031898577371646	0.0738888112194959	0.369651774279667	0.524560837129191
4	0.424683580149856	0.0345132868079261	0.460054230224026	0.0807489028181923
5	0.0258452306732898	0.653358565399794	0.0875426482911452	0.233253555635771
6	0.0491586157684861	0.0216510104791372	0.911464025637295	0.017726348115082
7	1.96522094585083e-05	0.608157863331886	0.00014667067571505	0.391675813782941
8	0.884018913767236	0.0363967126449266	0.0740305953543821	0.00555377823345549
9	0.942768669181132	0.0483671536304687	0.00438776918556905	0.00447640800283053
10	0.0312827110075482	0.276736442073952	0.13470208750221	0.55727875941629


TF	T028059_1.02
TF Name	atf-5
Gene	T04C10.4
Motif	M0342_1.02
Family	bZIP
Species	Caenorhabditis_elegans
Pos	A	C	G	T
1	0.190205453369649	0.190205453369649	0.370888694944705	0.248700391383411
2	0.117635920337522	0.117635920337522	0.591054758167189	0.173673394225181
3	0.459759863723867	0.277888699572533	0.161189268950143	0.101162160820871
4	0.000142831922820485	0.000142831922820485	0.000142831922820485	0.999571497298953
5	0.0586377699365829	0.000142831922820485	0.941076559285191	0.000142831922820485
6	0.941076559285191	0.000142831922820485	0.000142831922820485	0.0586377699365829
7	0.000142831922820485	0.999571497298953	0.000142831922820485	0.000142831922820485
8	0.0586377699365829	0.000142831922820485	0.941076559285191	0.000142831922820485
9	0.0599373768200253	0.0599373768200253	0.0599373768200253	0.820187862607338
10	0.228456013288204	0.440635122008304	0.198401947918756	0.132506909852152
11	0.553057984961007	0.148980669368803	0.148980669368803	0.148980669368803


TF	T027136_1.02
TF Name	atf-6
Gene	F45E6.2
Motif	M0325_1.02
Family	bZIP
Species	Caenorhabditis_elegans
Pos	A	C	G	T
1	0.188406700518836	0.512142510293791	0.146731285906164	0.152719503281208
2	0.141525675509328	0.166081918730169	0.0581183328188024	0.6342740729417
3	0.140550281940349	0.0594755499848625	0.480854775808283	0.319119392266506
4	0.916142365396195	0.00111646983500125	0.00753961993421312	0.0752015448345909
5	0.0402978286603139	0.850902531204788	0.0163838744891989	0.0924157656456995
6	0.0894808259672452	0.0426925472466237	0.815681831827983	0.0521447949581484
7	0.0596624187888413	0.0247469517868791	0.000793503222330986	0.914797126201949
8	0.274311002973557	0.095991774954011	0.485055108357192	0.14464211371524
9	0.179118207362726	0.0317548657164402	0.554488442807296	0.234638484113538


TF	T024084_1.02
TF Name	atf-7
Gene	C07G2.2
Motif	M0275_1.02
Family	bZIP
Species	Caenorhabditis_elegans
Pos	A	C	G	T
1	0.275255894141758	0.135848451939386	0.360714802877764	0.228180849621975
2	0.62811571047369	0.0446668521699291	0.282550583767337	0.0446668521699291
3	4.82325284020499e-05	4.82325284020499e-05	4.82325284020499e-05	0.999855300995677
4	4.82325284020499e-05	4.82325284020499e-05	0.999855300995677	4.82325284020499e-05
5	0.999855300995677	4.82325284020499e-05	4.82325284020499e-05	4.82325284020499e-05
6	4.82325284020499e-05	0.999855300995677	4.82325284020499e-05	4.82325284020499e-05
7	4.82325284020499e-05	4.82325284020499e-05	0.999855300995677	4.82325284020499e-05
8	4.82325284020499e-05	4.82325284020499e-05	4.82325284020499e-05	0.999855300995677
9	0.204468845486866	0.362469988745133	0.318861384114648	0.114199780234237
10	0.383855858569802	0.205381380003694	0.205381380003694	0.205381380003694


TF	T024086_1.02
TF Name	C27D6.4
Gene	C27D6.4
Motif	M0276_1.02
Family	bZIP
Species	Caenorhabditis_elegans
Pos	A	C	G	T
1	0.175570152431383	0.261504081534773	0.175570152431383	0.387355611346018
2	0.0954043488410468	0.0954043488410468	0.639645088079477	0.169546211981988
3	0.160934857237321	0.8389017425917	8.16989572672215e-05	8.16989572672215e-05
4	8.16989572672215e-05	0.999754900871755	8.16989572672215e-05	8.16989572672215e-05
5	0.999754900871755	8.16989572672215e-05	8.16989572672215e-05	8.16989572672215e-05
6	8.16989572672215e-05	0.999754900871755	8.16989572672215e-05	8.16989572672215e-05
7	8.16989572672215e-05	8.16989572672215e-05	0.999754900871755	8.16989572672215e-05
8	8.16989572672215e-05	8.16989572672215e-05	8.16989572672215e-05	0.999754900871755
9	0.165230932202189	0.153373092963534	0.606884426616062	0.0745115459617735
10	0.233538896553869	0.15467734955211	0.277112706040745	0.334671045596832


TF	T028113_1.02
TF Name	ces-2
Gene	ZK909.4
Motif	M0358_1.02
Family	bZIP
Species	Caenorhabditis_elegans
Pos	A	C	G	T
1	0.990131578947368	0.00328947368421053	0.00328947368421053	0.00328947368421053
2	0.00165562913907285	0.00165562913907285	0.00165562913907285	0.995033112582781
3	0.167218543046358	0.00165562913907285	0.00165562913907285	0.829470198675497
4	0.995033112582781	0.00165562913907285	0.00165562913907285	0.00165562913907285
5	0.00165562913907285	0.663907284768212	0.00165562913907285	0.332781456953642
6	0.498344370860927	0.00165562913907285	0.498344370860927	0.00165562913907285
7	0.00165562913907285	0.167218543046358	0.00165562913907285	0.829470198675497
8	0.995033112582781	0.00165562913907285	0.00165562913907285	0.00165562913907285
9	0.990131578947368	0.00328947368421053	0.00328947368421053	0.00328947368421053


TF	T028113_1.02
TF Name	ces-2
Gene	ZK909.4
Motif	M2594_1.02
Family	bZIP
Species	Caenorhabditis_elegans
Pos	A	C	G	T
1	0.54	0.07	0.35	0.04
2	0.0396039603960396	0.0198019801980198	0.0	0.940594059405941
3	0.02	0.02	0.05	0.91
4	0.86	0.0	0.14	0.0
5	0.0	0.98	0.0	0.02
6	0.02	0.0	0.98	0.0
7	0.0	0.26	0.0	0.74
8	0.95	0.05	0.0	0.0
9	1.0	0.0	0.0	0.0
10	0.0396039603960396	0.485148514851485	0.0891089108910891	0.386138613861386


TF	T024492_1.02
TF Name	D1005.3
Gene	D1005.3
Motif	M0281_1.02
Family	bZIP
Species	Caenorhabditis_elegans
Pos	A	C	G	T
1	0.327426080790313	0.224191304968244	0.224191304968244	0.224191304968244
2	0.327426080790313	0.224191304968244	0.224191304968244	0.224191304968244
3	0.289712477682188	0.202350914063595	0.202350914063595	0.305585689885665
4	0.0940244554739492	0.0940244554739492	0.0940244554739492	0.717926629273194
5	0.024381066167688	0.116341281751867	0.024381066167688	0.8348965816078
6	0.71275295402092	0.024381066167688	0.238484909338747	0.024381066167688
7	0.024381066167688	0.433975319882886	0.024381066167688	0.517262543476781
8	0.170896821213789	0.000133003470539359	0.725602391718105	0.103367779292609
9	0.735701070373469	0.117901913010236	0.0259416974260569	0.120455314885281
10	0.7428531242141	0.0259416974260569	0.117901913010236	0.11330326104465
11	0.681291260994092	0.139742303914884	0.0477820883307051	0.131184342455362
12	0.156108546920351	0.156108546920351	0.24806876250453	0.439714139349811
13	0.322744187015206	0.225751936226611	0.225751936226611	0.225751936226611
14	0.225751936226611	0.225751936226611	0.225751936226611	0.322744187015206
15	0.322744187015206	0.225751936226611	0.225751936226611	0.225751936226611


TF	T027131_1.02
TF Name	F17A9.3
Gene	F17A9.3
Motif	M0323_1.02
Family	bZIP
Species	Caenorhabditis_elegans
Pos	A	C	G	T
1	0.230643675073317	0.230643675073317	0.230643675073317	0.308068976718052
2	0.230643675073317	0.230643675073317	0.308068976718052	0.230643675073317
3	0.195361160952295	0.0424308149959211	0.0424308149959211	0.719777210993864
4	0.105121456729226	0.0228647923369518	0.128035676177342	0.743978076694481
5	0.85368023123762	0.0228647923369518	0.100590186026478	0.0228647923369518
6	0.000175768745701575	0.673192442390182	0.000175768745701575	0.326456022056417
7	0.236201568085493	0.000175768745701575	0.6876047034524	0.0760179616544071
8	0.0760179616544071	0.420964410403836	0.077601070390436	0.425416559489322
9	0.790056482247002	0.0953742870655907	0.0195320941568851	0.0950371384685248
10	0.780882964439195	0.0977961847927623	0.0195320941568851	0.101788758549159
11	0.376765139235159	0.207744954234281	0.207744954234281	0.207744954234281
12	0.227310976893251	0.227310976893251	0.227310976893251	0.318067071258251
13	0.318067071258251	0.227310976893251	0.227310976893251	0.227310976893251


TF	T027133_1.02
TF Name	F23F12.9
Gene	F23F12.9
Motif	M0324_1.02
Family	bZIP
Species	Caenorhabditis_elegans
Pos	A	C	G	T
1	0.468126440951701	0.17378541429954	0.271239817220275	0.0868483558259945
2	0.0540471471415291	0.0202124642041673	0.0619867037631574	0.863754030492245
3	0.027586013841789	0.0417624001234353	0.196689084782075	0.733962192139558
4	0.589668187814035	0.0175570331939986	0.345056241335565	0.0477183011374447
5	0.0590992881432576	0.858185675336344	0.0140402428819578	0.0686746020082186
6	0.0686746020082186	0.0140402428819578	0.858185675336344	0.0590992881432576
7	0.0477183011374447	0.345056241335565	0.0175570331939986	0.589668187814035
8	0.733962192139558	0.196689084782075	0.0417624001234353	0.027586013841789
9	0.863754030492245	0.0619867037631574	0.0202124642041673	0.0540471471415291
10	0.0868483558259945	0.271239817220275	0.17378541429954	0.468126440951701


TF	T028061_1.02
TF Name	jun-1
Gene	T24H10.7
Motif	M0344_1.02
Family	bZIP
Species	Caenorhabditis_elegans
Pos	A	C	G	T
1	0.602685661660833	0.107312786230028	0.182688765452948	0.107312786230028
2	9.88824894339116e-05	0.0558046195251449	9.88824894339116e-05	0.943997615069824
3	9.88824894339116e-05	9.88824894339116e-05	0.999703352105534	9.88824894339116e-05
4	0.999703352105534	9.88824894339116e-05	9.88824894339116e-05	9.88824894339116e-05
5	0.0558046195251449	0.865590409123772	9.88824894339116e-05	0.0785060884354866
6	0.0558046195251449	9.88824894339116e-05	0.19437413324708	0.749722364312177
7	0.207820302983973	0.791981931610997	9.88824894339116e-05	9.88824894339116e-05
8	0.999703352105534	9.88824894339116e-05	9.88824894339116e-05	9.88824894339116e-05
9	0.142786096152865	0.240096174689501	0.142786096152865	0.474331632578605


TF	T027926_1.02
TF Name	R07H5.10
Gene	R07H5.10
Motif	M0339_1.02
Family	bZIP
Species	Caenorhabditis_elegans
Pos	A	C	G	T
1	0.20649561598704	0.198398807072942	0.29011551812628	0.304990058813737
2	0.666269538807903	0.0875048571346999	0.19867976388012	0.047545840177277
3	0.0313273869287949	0.0126100321164525	0.0173656253357964	0.938696955618956
4	0.0285909373433033	0.0136411340659847	0.0480907471380215	0.909677181452691
5	0.268619263085314	0.00301408107376002	0.159699671498855	0.568666984342071
6	0.0363044923827492	0.873005180691954	0.034880972875367	0.0558093540499299
7	0.444672764792117	0.143644091280495	0.177210563848886	0.234472580078501
8	0.226169241473364	0.252467764464344	0.212998170209425	0.308364823852867


TF	T028060_1.02
TF Name	skn-1
Gene	T19E7.2
Motif	M0343_1.02
Family	bZIP
Species	Caenorhabditis_elegans
Pos	A	C	G	T
1	0.384634725027227	0.114697028600819	0.276523032539547	0.224145213832407
2	0.169099227854075	0.2086140073518	0.267865687705486	0.354421077088639
3	0.206209899807124	0.158998470261659	0.543970262571072	0.0908213673601447
4	0.571754584283803	0.194165298625174	0.190320568115248	0.0437595489757745
5	0.0839148302595845	0.00800288706249259	0.00139069324424888	0.906691589433674
6	0.0664227704058697	0.0170481198636936	0.739548544545562	0.176980565184875
7	0.973107901801163	0.00315975651684264	0.0109188971626866	0.0128134445193081
8	0.0572754282029024	0.532653811731479	0.083752976008976	0.326317784056643
9	0.441071821094266	0.0640207802545898	0.202189974233586	0.292717424417558
10	0.400345619190026	0.162768382197467	0.137321957318258	0.299564041294249


TF	T028060_1.02
TF Name	skn-1
Gene	T19E7.2
Motif	M2340_1.02
Family	bZIP
Species	Caenorhabditis_elegans
Pos	A	C	G	T
1	0.597484276729562	0.13522012578616	0.194968553459121	0.0723270440251572
2	0.745283018867925	0.0377358490566043	0.122641509433961	0.0943396226415097
3	0.657232704402515	0.0754716981132075	0.172955974842769	0.0943396226415083
4	0.842767295597484	0.0	0.0503144654088052	0.106918238993711
5	0.10062893081761	0.11320754716981	0.0817610062893082	0.704402515723271
6	0.0	0.0534591194968553	0.946540880503145	0.0
7	0.833333333333333	0.11006289308176	0.0157232704402521	0.0408805031446542
8	0.0628930817610062	0.0	0.0	0.937106918238994
9	0.0	0.0	1.0	0.0
10	1.0	0.0	0.0	0.0
11	0.0974842767295593	0.562893081761006	0.0691823899371065	0.270440251572328
12	0.783018867924531	0.0	0.0880503144654091	0.12893081761006
13	0.75471698113208	0.0	0.0	0.24528301886792
14	0.437106918238994	0.0503144654088054	0.0660377358490575	0.446540880503144
15	0.28930817610063	0.11635220125786	0.16666666666667	0.42767295597484


TF	T028060_1.02
TF Name	skn-1
Gene	T19E7.2
Motif	M2596_1.02
Family	bZIP
Species	Caenorhabditis_elegans
Pos	A	C	G	T
1	0.368421052631579	0.0	0.263157894736842	0.368421052631579
2	0.157894736842105	0.0526315789473684	0.421052631578947	0.368421052631579
3	0.210526315789474	0.263157894736842	0.473684210526316	0.0526315789473684
4	1.0	0.0	0.0	0.0
5	0.0	0.0	0.0	1.0
6	0.0	0.0	1.0	0.0
7	1.0	0.0	0.0	0.0
8	0.0	1.0	0.0	0.0
9	0.736842105263158	0.0526315789473684	0.0526315789473684	0.157894736842105
10	0.421052631578947	0.0526315789473684	0.0526315789473684	0.473684210526316
11	0.210526315789474	0.0526315789473684	0.210526315789474	0.526315789473684
12	0.473684210526316	0.0526315789473684	0.315789473684211	0.157894736842105


TF	T028060_1.02
TF Name	skn-1
Gene	T19E7.2
Motif	M2597_1.02
Family	bZIP
Species	Caenorhabditis_elegans
Pos	A	C	G	T
1	0.357142857142857	0.142857142857143	0.142857142857143	0.357142857142857
2	0.214285714285714	0.0714285714285714	0.285714285714286	0.428571428571429
3	0.285714285714286	0.285714285714286	0.428571428571429	0.0
4	1.0	0.0	0.0	0.0
5	0.0	0.0	0.0	1.0
6	0.0	0.0	1.0	0.0
7	1.0	0.0	0.0	0.0
8	0.0	0.0	0.0	1.0
9	0.538461538461538	0.0	0.153846153846154	0.307692307692308
10	0.428571428571429	0.142857142857143	0.0714285714285714	0.357142857142857
11	0.428571428571429	0.0714285714285714	0.0	0.5
12	0.153846153846154	0.153846153846154	0.461538461538462	0.230769230769231


TF	T028062_1.02
TF Name	T27F2.4
Gene	T27F2.4
Motif	M0345_1.02
Family	bZIP
Species	Caenorhabditis_elegans
Pos	A	C	G	T
1	0.298946752244104	0.260958167178608	0.176162323916032	0.263932758600738
2	0.164907284223383	0.0825199503869973	0.0825199503869973	0.670052816942104
3	0.0693419897249378	0.000104768612547378	0.000104768612547378	0.930448474989449
4	0.99968569610184	0.000104768612547378	0.000104768612547378	0.000104768612547378
5	0.000104768612547378	0.930448474989449	0.000104768612547378	0.0693419897249378
6	0.0693419897249378	0.000104768612547378	0.930448474989449	0.000104768612547378
7	0.930448474989449	0.000104768612547378	0.000104768612547378	0.0693419897249378
8	0.99968569610184	0.000104768612547378	0.000104768612547378	0.000104768612547378
9	0.244351102655709	0.0739424451813861	0.0739424451813861	0.607764008921
10	0.243524968619036	0.16758481871042	0.16758481871042	0.421305395899605


TF	T028086_1.02
TF Name	W08E12.1
Gene	W08E12.1
Motif	M0347_1.02
Family	bZIP
Species	Caenorhabditis_elegans
Pos	A	C	G	T
1	0.00328947368421053	0.00328947368421053	0.00328947368421053	0.990131578947368
2	0.00328947368421053	0.00328947368421053	0.990131578947368	0.00328947368421053
3	0.990131578947368	0.00328947368421053	0.00328947368421053	0.00328947368421053
4	0.00328947368421053	0.990131578947368	0.00328947368421053	0.00328947368421053
5	0.00328947368421053	0.00328947368421053	0.990131578947368	0.00328947368421053
6	0.00328947368421053	0.00328947368421053	0.00328947368421053	0.990131578947368
7	0.661184210526316	0.332236842105263	0.00328947368421053	0.00328947368421053
8	0.985294117647059	0.00490196078431373	0.00490196078431373	0.00490196078431373


TF	T027927_1.02
TF Name	xbp-1
Gene	R74.3
Motif	M0340_1.02
Family	bZIP
Species	Caenorhabditis_elegans
Pos	A	C	G	T
1	0.228083852603661	0.228083852603661	0.228083852603661	0.315748442927896
2	0.315748442927896	0.228083852603661	0.228083852603661	0.228083852603661
3	0.183802936144114	0.183802936144114	0.367187475539542	0.26520665291111
4	0.441205735087671	0.157043225108991	0.157043225108991	0.244707815433226
5	0.304988159896061	0.162743083193758	0.0246200915978277	0.507648666051233
6	0.000151869241554984	0.138274860837485	0.284789871219626	0.576783399440213
7	0.999544393014215	0.000151869241554984	0.000151869241554984	0.000151869241554984
8	0.000151869241554984	0.999544393014215	0.000151869241554984	0.000151869241554984
9	0.0220680168226137	0.0220680168226137	0.933795950271039	0.0220680168226137
10	0.0220680168226137	0.0220680168226137	0.0220680168226137	0.933795950271039
11	0.0663489332821611	0.183160830864387	0.684141303310171	0.0663489332821611
12	0.209920541899509	0.0931086443172835	0.174987853083673	0.521982961438415
13	0.323404667253538	0.225531777828447	0.225531777828447	0.225531777828447


TF	T028090_1.02
TF Name	Y51H4A.4
Gene	Y51H4A.4
Motif	M0349_1.02
Family	bZIP
Species	Caenorhabditis_elegans
Pos	A	C	G	T
1	0.419013997915652	0.166041348829519	0.166041348829519	0.24890330295826
2	0.229242983648011	0.14638102951927	0.305676450469557	0.318699534896114
3	0.121734654213453	0.121734654213453	0.209082243305682	0.547448446800362
4	0.63479603589259	0.121734654213453	0.121734654213453	0.121734654213453
5	0.000109334735092105	0.000109334735092105	0.000109334735092105	0.999671994327676
6	0.000109334735092105	0.000109334735092105	0.000109334735092105	0.999671994327676
7	0.87911493804809	0.000109334735092105	0.120666391014678	0.000109334735092105
8	0.000109334735092105	0.877423978098683	0.000109334735092105	0.122357350964085
9	0.0840679855388105	0.0840679855388105	0.74779604191652	0.0840679855388105
10	0.10372830484906	0.10372830484906	0.10372830484906	0.688815083985772
11	0.531164277392046	0.212086360831154	0.128374680154876	0.128374680154876
12	0.614875958068323	0.128374680154876	0.128374680154876	0.128374680154876


TF	T028092_1.02
TF Name	Y61A9LA.9
Gene	Y61A9LA.9
Motif	M0350_1.02
Family	bZIP
Species	Caenorhabditis_elegans
Pos	A	C	G	T
1	0.840861344537815	0.000525210084033614	0.000525210084033614	0.158088235294118
2	0.125207986688852	0.000415973377703827	0.000415973377703827	0.873960066555741
3	0.0771889400921659	0.000384024577572965	0.000384024577572965	0.922043010752688
4	0.269201228878648	0.000384024577572965	0.000384024577572965	0.730030721966206
5	0.883640552995392	0.000384024577572965	0.000384024577572965	0.115591397849462
6	0.0771889400921659	0.000384024577572965	0.000384024577572965	0.922043010752688
7	0.291597337770383	0.0420133111480865	0.000415973377703827	0.665973377703827
8	0.0629675810473816	0.000623441396508728	0.0629675810473816	0.873441396508728


TF	T028085_1.02
TF Name	zip-3
Gene	W07G1.3
Motif	M0346_1.02
Family	bZIP
Species	Caenorhabditis_elegans
Pos	A	C	G	T
1	0.535635644441569	0.0785279146657725	0.369981928351973	0.0158545125406848
2	0.00116891796477664	0.000260820852747056	0.000245631828738866	0.998324629353738
3	0.0548731888701519	0.137692765475639	0.716963451980483	0.0904705936737259
4	0.854058225672231	0.00250928881508862	0.100484086509239	0.0429483990034414
5	0.0244154614948031	0.611073104242473	0.0486774848278152	0.315833949434909
6	0.195600292209281	0.103138552233708	0.611596805783407	0.0896643497736036
7	0.168167276038974	0.236266209269033	0.115003110382796	0.480563404309198
8	0.192128428402511	0.410823649681788	0.2300194904258	0.167028431489902
9	0.491394526987996	0.11877694502797	0.190042422317767	0.199786105666267


TF	T037065_1.02
TF Name	B0310.2
Gene	B0310.2
Motif	M0379_1.02
Family	C2H2 ZF
Species	Caenorhabditis_elegans
Pos	A	C	G	T
1	0.247864972993714	0.181795810006373	0.279466976661557	0.290872240338356
2	0.0914435603480233	0.152280155868951	0.180498407506107	0.575777876276919
3	0.0261156490767077	0.000304993356946876	0.965392462474414	0.00818689509193121
4	0.98573380402896	0.00138179909707654	0.00246794629071273	0.0104164505832503
5	0.0112322055495111	0.0147137899725173	0.971445478903511	0.00260852557446052
6	0.0196705437445009	7.6468397834344e-05	0.756817601106058	0.223435386751607
7	0.231468869090843	0.134888078953973	0.255812662554738	0.377830389400446
8	0.454898930857042	0.172444468767523	0.0994918035658271	0.273164796809607
9	0.304259640973172	0.264510624585765	0.223158307585351	0.208071426855711
10	0.353339246996341	0.190076882525474	0.246516427716098	0.210067442762087


TF	T057638_1.02
TF Name	blmp-1
Gene	F25D7.3
Motif	M2331_1.02
Family	C2H2 ZF
Species	Caenorhabditis_elegans
Pos	A	C	G	T
1	0.56680522565321	0.0	0.43319477434679	0.0
2	0.918052256532067	0.0	0.0789786223277907	0.00296912114014249
3	0.8687648456057	0.0	0.1312351543943	0.0
4	0.954869358669834	0.0	0.0451306413301662	0.0
5	0.25	0.0	0.61163895486936	0.13836104513064
6	0.343527315914489	0.0994655581947736	0.162707838479809	0.394299287410928
7	0.0	0.0	1.0	0.0
8	1.0	0.0	0.0	0.0
9	0.632125890736339	0.0	0.32244655581948	0.045427553444181
10	0.91478622327791	0.0	0.07541567695962	0.00979809976247029
11	0.51811163895487	0.038004750593824	0.41062945368171	0.033254156769596


TF	T057638_1.02
TF Name	blmp-1
Gene	F25D7.3
Motif	M4710_1.02
Family	C2H2 ZF
Species	Caenorhabditis_elegans
Pos	A	C	G	T
1	0.686047	0.0	0.313953	0.0
2	0.0	0.0	0.906977	0.093023
3	0.174419	0.226744	0.069767	0.52907
4	0.034884	0.0	0.965116	0.0
5	0.97093	0.02907	0.0	0.0
6	0.924418	0.0	0.02907	0.046512
7	0.965116	0.034884	0.0	0.0
8	0.0	0.0	0.947674	0.052326
9	0.0	0.162791	0.040698	0.796511
10	0.122093	0.139535	0.534884	0.203488


TF	T037191_1.02
TF Name	C46E10.8
Gene	C46E10.8
Motif	M0385_1.02
Family	C2H2 ZF
Species	Caenorhabditis_elegans
Pos	A	C	G	T
1	0.149161340037501	0.0670225104144418	0.702769205798014	0.0810469437500423
2	0.128260105559181	0.114899780758785	0.616501204555996	0.140338909126038
3	0.169300892130737	0.224007057622911	0.327562068265467	0.279129981980885
4	0.196316026119714	0.310979109789578	0.0514045011239815	0.441300362966727
5	0.454968127702589	0.235150883980482	0.225930485937307	0.0839505023796224
6	0.256447952667999	0.0897408193367162	0.275042527299072	0.378768700696213
7	0.44238137543866	0.068181437522952	0.296537103969383	0.192900083069005
8	0.74574308441451	0.0553890073323794	0.10092535158507	0.0979425566680404
9	0.669747222322187	0.045919982069258	0.0522949789410807	0.232037816667475
10	0.272219887315379	0.0212553823293841	0.0502298840431943	0.656294846312042


TF	T057644_1.02
TF Name	ces-1
Gene	F43G9.11
Motif	M0450_1.02
Family	C2H2 ZF
Species	Caenorhabditis_elegans
Pos	A	C	G	T
1	0.00490196078431373	0.985294117647059	0.00490196078431373	0.00490196078431373
2	0.985294117647059	0.00490196078431373	0.00490196078431373	0.00490196078431373
3	0.985294117647059	0.00490196078431373	0.00490196078431373	0.00490196078431373
4	0.00490196078431373	0.985294117647059	0.00490196078431373	0.00490196078431373
5	0.985294117647059	0.00490196078431373	0.00490196078431373	0.00490196078431373
6	0.00490196078431373	0.00490196078431373	0.985294117647059	0.00490196078431373
7	0.00490196078431373	0.00490196078431373	0.985294117647059	0.00490196078431373


TF	T037195_1.02
TF Name	che-1
Gene	C55B7.12
Motif	M0388_1.02
Family	C2H2 ZF
Species	Caenorhabditis_elegans
Pos	A	C	G	T
1	0.254182999988059	0.160461570870814	0.131374822763574	0.453980606377553
2	0.474945271796205	0.136074098644404	0.217717767661052	0.171262861898339
3	0.228171083692348	0.117930529111952	0.41161799166876	0.242280395526941
4	0.0768239217774442	0.0250660934244219	0.773956811347601	0.124153173450533
5	0.0890881874503023	8.80039790139089e-05	0.772495936842787	0.138327871727897
6	0.145768158910115	0.640351603939622	0.0248291261901586	0.189051110960104
7	0.0305198901501688	0.00799150104317747	0.000100096416560526	0.961388512390093
8	0.00728178025238479	0.000136064719624138	0.0436138766791222	0.948968278348869
9	0.0214740411113535	0.868567076128808	0.0295724982253386	0.0803863845345002
10	0.285276884015163	0.334775524625418	0.141664308130083	0.238283283229337


TF	T037195_1.02
TF Name	che-1
Gene	C55B7.12
Motif	M2066_1.02
Family	C2H2 ZF
Species	Caenorhabditis_elegans
Pos	A	C	G	T
1	0.0	0.0	1.0	0.0
2	1.0	0.0	0.0	0.0
3	1.0	0.0	0.0	0.0
4	0.51351351351351	0.0	0.48648648648649	0.0
5	0.0	1.0	0.0	0.0
6	0.0	0.7027027027027	0.2972972972973	0.0


TF	T037185_1.02
TF Name	die-1
Gene	C18D1.1
Motif	M0382_1.02
Family	C2H2 ZF
Species	Caenorhabditis_elegans
Pos	A	C	G	T
1	0.592549198698289	0.110034969678174	0.1873808618163	0.110034969678174
2	0.419599699937622	0.144384710376787	0.181393193374929	0.254622396181601
3	0.00013411518192711	0.00013411518192711	0.00013411518192711	0.999597654325156
4	0.00013411518192711	0.00013411518192711	0.00013411518192711	0.999597654325156
5	0.00013411518192711	0.00013411518192711	0.00013411518192711	0.999597654325156
6	0.999597654325156	0.00013411518192711	0.00013411518192711	0.00013411518192711
7	0.999597654325156	0.00013411518192711	0.00013411518192711	0.00013411518192711
8	0.999597654325156	0.00013411518192711	0.00013411518192711	0.00013411518192711
9	0.416612591280724	0.303189117647238	0.140099145471488	0.140099145471488
10	0.30395363970348	0.232015453389152	0.232015453389152	0.232015453389152


TF	T061409_1.02
TF Name	egl-43
Gene	R53.3
Motif	M0489_1.02
Family	C2H2 ZF
Species	Caenorhabditis_elegans
Pos	A	C	G	T
1	0.369910305852876	0.176489354439104	0.293906167923811	0.159694171784209
2	0.206144012715904	0.110894024995577	0.423509105847456	0.259452856441062
3	0.0091410334986031	0.000239973555754716	0.985129842743484	0.00548915020215873
4	0.979413796901334	0.000224687266043459	0.0198252073587329	0.000536308473889036
5	0.117084801644744	0.0655555891969472	0.0500437925344018	0.767315816623907
6	0.0523093283887595	0.0757300253734663	0.802053021902308	0.0699076243354658
7	0.39444075972219	0.283572823613005	0.191994929660685	0.12999148700412
8	0.161822953541054	0.135165892619542	0.49102883739763	0.211982316441774
9	0.254272969223411	0.350166365618779	0.120110045942497	0.275450619215313
10	0.280850380271751	0.295249887183414	0.162036573658124	0.261863158886711


TF	T037189_1.02
TF Name	egrh-1
Gene	C27C12.2
Motif	M0383_1.02
Family	C2H2 ZF
Species	Caenorhabditis_elegans
Pos	A	C	G	T
1	0.0836106489184692	0.665973377703827	0.0836106489184692	0.166805324459235
2	0.000302663438256659	0.000302663438256659	0.99909200968523	0.000302663438256659
3	0.000302663438256659	0.0911016949152542	0.333232445520581	0.575363196125908
4	0.0305690072639225	0.000302663438256659	0.968825665859564	0.000302663438256659
5	0.000302663438256659	0.000302663438256659	0.99909200968523	0.000302663438256659
6	0.000302663438256659	0.000302663438256659	0.99909200968523	0.000302663438256659
7	0.0669107856191744	0.56624500665779	0.23335552596538	0.133488681757656
8	0.0420133111480865	0.000415973377703827	0.915557404326123	0.0420133111480865


TF	T061528_1.02
TF Name	egrh-3
Gene	Y94H6A.11
Motif	M0499_1.02
Family	C2H2 ZF
Species	Caenorhabditis_elegans
Pos	A	C	G	T
1	0.308801002272066	0.0599012314967949	0.479477545275745	0.151820220955395
2	0.242815372919318	0.0505165685514809	0.358633642237664	0.348034416291538
3	0.279227423153483	0.00895333946352707	0.700662689416854	0.0111565479661363
4	0.0208980010915351	0.00374212455559832	0.94355392010453	0.0318059542483368
5	0.118040464906854	0.00553464534503835	0.846429986099489	0.0299949036486191
6	0.429779722222801	0.0345799074536857	0.50435117614667	0.0312891941768438
7	0.0620462170785904	0.0106747329711942	0.852249686914183	0.0750293630360326


TF	T061408_1.02
TF Name	eor-1
Gene	R11E3.6
Motif	M0488_1.02
Family	C2H2 ZF
Species	Caenorhabditis_elegans
Pos	A	C	G	T
1	0.19301164808857	0.211188381790863	0.362400712333789	0.233399257786777
2	0.437490989510086	0.0279678632695742	0.534352701239793	0.000188445980547178
3	0.00091022716156407	0.000616275557132494	0.998185285893409	0.000288211387894684
4	1.80510816675843e-08	4.82044012366129e-05	0.999939771021756	1.20065259254149e-05
5	2.18729396629363e-05	0.000203415409553329	0.999739715074337	3.49965764465141e-05
6	0.276878106163746	3.13904223808687e-07	0.723121573318696	6.61333404179301e-09
7	0.199488012788915	0.216102784407489	0.144858028402243	0.439551174401353
8	0.0870120052409351	0.505751832874047	0.199546262219032	0.207689899665985


TF	T061408_1.02
TF Name	eor-1
Gene	R11E3.6
Motif	M2336_1.02
Family	C2H2 ZF
Species	Caenorhabditis_elegans
Pos	A	C	G	T
1	0.350359138068636	0.134876296887469	0.340782122905027	0.173982442138868
2	0.364724660814046	0.106145251396649	0.396648044692736	0.132482043096569
3	0.74940143655227	0.071029529130088	0.13328012769354	0.046288906624102
4	0.10614525139665	0.0015961691939346	0.888268156424579	0.0039904229848364
5	0.962490023942538	0.000798084596967278	0.0	0.0367118914604949
6	0.0798084596967276	0.0	0.898643256185156	0.0215482841181169
7	0.920191540303272	0.00957701516360733	0.0558659217877091	0.014365522745411
8	0.209098164405429	0.476456504389467	0.254588986432559	0.0598563447725456
9	0.342378292098961	0.0351157222665601	0.553870710295292	0.0686352753391863
10	0.189146049481242	0.436552274541104	0.321628092577813	0.0526735833998405
11	0.944932162809258	0.0327214684756579	0.022346368715084	0.0
12	0.0590582601755788	0.0223463687150839	0.918595371109337	0.0
13	0.933758978451716	0.00239425379090179	0.0590582601755787	0.00478850758180368
14	0.16121308858739	0.26815642458101	0.547486033519549	0.023144453312051
15	0.777334397446129	0.020750199521149	0.14684756584198	0.055067837190742


TF	T057631_1.02
TF Name	F10B5.3
Gene	F10B5.3
Motif	M0445_1.02
Family	C2H2 ZF
Species	Caenorhabditis_elegans
Pos	A	C	G	T
1	0.327491992654115	0.061035984809333	0.122911379648392	0.48856064288816
2	0.129755019716254	0.099052321343179	0.0819122218756632	0.689280437064904
